   1.1625000e-01   2.8168750e+04   6.5827825e+04   1.0443000e+03   7.6192750e+01   7.1290000e+02   1.4518000e+03   1.1721975e+04   1.1351859e+02
   7.3250000e-02   1.4722500e+03   6.7666375e+04   1.0677000e+03   7.0638250e+01   7.2190000e+02   1.6366000e+03   1.1623425e+04   4.1386943e+01
   6.8250000e-02   4.8627750e+04   9.8659075e+04   9.9690000e+02   8.1482750e+01   7.5130000e+02   1.1522000e+03   1.0101375e+04   3.1501131e+01
   5.2250000e-02   8.9572500e+03   8.9466325e+04   1.0593000e+03   8.9417750e+01   7.1410000e+02   1.2082000e+03   1.0561275e+04   2.5876892e+01
   5.4250000e-02   4.3887250e+04   9.8921725e+04   1.1025000e+03   1.0872625e+02   8.1790000e+02   1.2866000e+03   1.0703625e+04   2.1888801e+01
   9.9750000e-02   4.1392250e+04   9.1567525e+04   1.0947000e+03   1.1110675e+02   7.3690000e+02   1.4042000e+03   1.0298475e+04   8.2000242e+01
   9.1750000e-02   3.2909250e+04   7.0292875e+04   1.0755000e+03   6.5612750e+01   7.1830000e+02   1.2978000e+03   1.1218275e+04   8.1610897e+01
   9.6250000e-02   2.4702500e+03   7.2919375e+04   9.9030000e+02   6.5083750e+01   7.8490000e+02   1.2922000e+03   1.1535825e+04   5.3332552e+01
   1.3475000e-01   1.8438250e+04   8.2374775e+04   1.0227000e+03   6.7464250e+01   7.9090000e+02   1.1662000e+03   1.2017625e+04   1.3606888e+02
   1.3825000e-01   3.7150750e+04   7.5545875e+04   1.0803000e+03   9.6030250e+01   7.3030000e+02   1.2726000e+03   1.1294925e+04   1.8635889e+02
   5.6250000e-02   4.3138750e+04   9.0254275e+04   1.0551000e+03   7.4076750e+01   8.1130000e+02   1.4910000e+03   1.1185425e+04   1.8177457e+01
   1.4425000e-01   4.5134750e+04   9.7871125e+04   1.0629000e+03   1.1454525e+02   7.5850000e+02   1.6058000e+03   1.0221825e+04   1.2659263e+02
   1.3325000e-01   4.6631750e+04   1.1047832e+05   1.0389000e+03   8.9682250e+01   7.6270000e+02   1.2474000e+03   1.1951925e+04   1.4747694e+02
   1.1825000e-01   2.9166750e+04   6.8191675e+04   1.0971000e+03   7.3018750e+01   7.7170000e+02   1.2222000e+03   1.1940975e+04   1.3952619e+02
   9.3250000e-02   2.7919250e+04   7.8172375e+04   9.9090000e+02   9.7617250e+01   7.2850000e+02   1.1410000e+03   1.0670775e+04   6.7009749e+01
   5.8750000e-02   4.6382250e+04   6.6090475e+04   1.0035000e+03   6.6670750e+01   8.0890000e+02   1.6786000e+03   1.0626975e+04   1.3356687e+01
   9.2250000e-02   4.2390250e+04   8.0536225e+04   1.0059000e+03   7.5399250e+01   7.1050000e+02   1.6394000e+03   1.0123275e+04   4.8750161e+01
   5.0750000e-02   3.5903250e+04   1.0942773e+05   1.0341000e+03   1.0079125e+02   7.1170000e+02   1.4406000e+03   9.9261750e+03   1.7972844e+01
   6.8750000e-02   2.6172750e+04   9.8133775e+04   1.0665000e+03   1.1586775e+02   7.4470000e+02   1.3454000e+03   1.1667225e+04   4.1430435e+01
   1.0725000e-01   2.2180750e+04   6.8979625e+04   1.1097000e+03   8.1747250e+01   7.5970000e+02   1.3790000e+03   9.8714250e+03   9.0491183e+01
   1.4775000e-01   3.8647750e+04   8.9728975e+04   1.0263000e+03   1.1507425e+02   7.9570000e+02   1.2334000e+03   1.1207325e+04   1.4357607e+02
   1.4925000e-01   3.1412250e+04   9.7083175e+04   1.1013000e+03   1.0793275e+02   7.7410000e+02   1.5050000e+03   1.0364175e+04   1.5757139e+02
   1.4875000e-01   1.7689750e+04   1.1126627e+05   1.0431000e+03   7.3812250e+01   7.6030000e+02   1.3986000e+03   1.1316825e+04   1.5887071e+02
   1.3925000e-01   2.4426250e+04   8.1849475e+04   1.0083000e+03   8.7830750e+01   7.8550000e+02   1.4322000e+03   1.2039525e+04   1.1398642e+02
   5.4750000e-02   4.0394250e+04   1.1441807e+05   1.0527000e+03   8.6772750e+01   7.9210000e+02   1.3482000e+03   1.1426325e+04   2.0796036e+01
   1.4525000e-01   3.9146750e+04   8.3688025e+04   9.9390000e+02   6.5877250e+01   7.6150000e+02   1.3286000e+03   9.9480750e+03   1.1519604e+02
   1.0275000e-01   1.7190750e+04   7.7647075e+04   1.1073000e+03   7.1167250e+01   7.7950000e+02   1.5554000e+03   1.1393475e+04   7.9597255e+01
   6.6750000e-02   3.3657750e+04   1.0233618e+05   1.0533000e+03   6.6141750e+01   7.2490000e+02   1.2250000e+03   1.0835025e+04   4.0646105e+01
   1.4575000e-01   1.7939250e+04   8.7102475e+04   1.0311000e+03   1.0766825e+02   8.1250000e+02   1.4630000e+03   9.9371250e+03   9.9023544e+01
   1.3025000e-01   1.4196750e+04   8.4213325e+04   1.0359000e+03   8.8095250e+01   7.6750000e+02   1.1298000e+03   1.1010225e+04   1.3927405e+02
   1.3875000e-01   2.4925250e+04   7.7909725e+04   1.0125000e+03   7.4605750e+01   7.4650000e+02   1.4742000e+03   1.0167075e+04   1.1085272e+02
   1.0225000e-01   1.7440250e+04   1.1363012e+05   9.9990000e+02   6.7728750e+01   7.1470000e+02   1.5386000e+03   1.0309425e+04   6.2734810e+01
   7.2250000e-02   3.2160750e+04   7.5020575e+04   1.0095000e+03   8.2276250e+01   7.1110000e+02   1.5330000e+03   1.1349675e+04   3.6221149e+01
   1.3675000e-01   6.7117500e+03   9.7608475e+04   1.0575000e+03   1.1137125e+02   7.5490000e+02   1.4966000e+03   1.0035675e+04   1.1914254e+02
   1.1475000e-01   7.7097500e+03   6.4251925e+04   1.0107000e+03   8.3598750e+01   7.2970000e+02   1.4434000e+03   1.1481075e+04   9.2402034e+01
   1.4325000e-01   2.7197500e+03   9.6820525e+04   1.0203000e+03   8.0160250e+01   7.3870000e+02   1.4098000e+03   1.1021175e+04   1.4177651e+02
   7.3750000e-02   4.4386250e+04   1.0496268e+05   1.0407000e+03   8.4921250e+01   7.3450000e+02   1.1382000e+03   1.0342275e+04   4.7527929e+01
   1.0675000e-01   9.4562500e+03   1.0154823e+05   1.1043000e+03   1.0713925e+02   7.8190000e+02   1.1886000e+03   1.0791225e+04   1.0473782e+02
   1.4825000e-01   3.8148750e+04   7.9748275e+04   1.0317000e+03   9.1798250e+01   7.7110000e+02   1.3762000e+03   1.0440825e+04   1.3638514e+02
   6.5250000e-02   2.4176750e+04   1.0286148e+05   1.0155000e+03   7.0902750e+01   8.1730000e+02   1.4854000e+03   9.9809250e+03   1.7809575e+01
   1.3775000e-01   3.8398250e+04   7.1343475e+04   1.0935000e+03   1.0740375e+02   7.0570000e+02   1.5498000e+03   1.1798625e+04   1.7587300e+02
   1.3375000e-01   2.5424250e+04   8.5001275e+04   1.0395000e+03   9.2856250e+01   7.2670000e+02   1.1242000e+03   1.1765775e+04   1.8379671e+02
   1.1925000e-01   1.9186750e+04   1.0811448e+05   1.0791000e+03   8.5979250e+01   7.1650000e+02   1.3734000e+03   1.1568675e+04   1.3635646e+02
   7.1750000e-02   4.4635750e+04   1.0575062e+05   1.0545000e+03   1.1190025e+02   7.9270000e+02   1.3678000e+03   1.0473675e+04   3.2416211e+01
   7.7250000e-02   7.9592500e+03   1.0995302e+05   1.1019000e+03   9.7088250e+01   7.3630000e+02   1.5442000e+03   1.1502975e+04   5.1045709e+01
   9.0250000e-02   4.8877250e+04   8.9991625e+04   1.0089000e+03   7.2754250e+01   7.3930000e+02   1.4350000e+03   1.1601525e+04   5.5747933e+01
   1.2075000e-01   9.7057500e+03   8.8941025e+04   1.0071000e+03   8.7566250e+01   8.1910000e+02   1.2782000e+03   1.1064975e+04   7.4493308e+01
   8.4250000e-02   7.4602500e+03   8.8153075e+04   1.0695000e+03   7.4341250e+01   8.1310000e+02   1.4378000e+03   1.1754825e+04   4.6725537e+01
   1.2775000e-01   1.4695750e+04   1.0601327e+05   1.0737000e+03   1.0158475e+02   7.4530000e+02   1.1802000e+03   1.1908125e+04   1.6974885e+02
   1.4975000e-01   3.0164750e+04   6.6353125e+04   1.0863000e+03   7.8044250e+01   7.2910000e+02   1.6002000e+03   1.0889775e+04   1.7108389e+02
   6.6250000e-02   3.5404250e+04   9.0516925e+04   1.0077000e+03   1.0951975e+02   7.7050000e+02   1.5078000e+03   1.1043075e+04   2.3950681e+01
   1.0325000e-01   4.0893250e+04   1.1389277e+05   9.9150000e+02   9.7352750e+01   7.9630000e+02   1.3818000e+03   9.9590250e+03   4.7098623e+01
   6.2750000e-02   3.6152750e+04   9.9447025e+04   1.0245000e+03   9.9468750e+01   7.3390000e+02   1.1494000e+03   1.1678175e+04   3.6516424e+01
   7.7750000e-02   2.1931250e+04   9.2618125e+04   1.0287000e+03   1.1242925e+02   7.1590000e+02   1.5750000e+03   9.9152250e+03   3.7390805e+01
   1.1875000e-01   4.6132750e+04   1.0522532e+05   9.9810000e+02   8.7037250e+01   7.4590000e+02   1.6086000e+03   1.1054025e+04   7.6734435e+01
   9.3750000e-02   4.0643750e+04   7.6596475e+04   1.0503000e+03   1.0105575e+02   7.2430000e+02   1.3650000e+03   1.2028575e+04   7.9290711e+01
   1.1025000e-01   1.0454250e+04   1.1257952e+05   1.0605000e+03   9.1269250e+01   7.9750000e+02   1.5190000e+03   1.1579625e+04   7.6520375e+01
   5.5250000e-02   3.1162750e+04   8.5263925e+04   1.0539000e+03   8.5185750e+01   8.0350000e+02   1.1466000e+03   1.1305875e+04   2.3673544e+01
   8.6750000e-02   1.4446250e+04   7.3182025e+04   1.0827000e+03   1.0290725e+02   7.9990000e+02   1.5694000e+03   1.1152575e+04   4.7500153e+01
   1.1725000e-01   2.6671750e+04   6.8454325e+04   1.0353000e+03   7.5928250e+01   7.7290000e+02   1.6422000e+03   1.0933575e+04   7.5406760e+01
   5.0250000e-02   4.9376250e+04   7.9485625e+04   1.0425000e+03   9.2327250e+01   7.9870000e+02   1.4994000e+03   1.1776725e+04   1.5188516e+01
   1.2025000e-01   2.3178750e+04   9.6557875e+04   1.0251000e+03   7.3547750e+01   7.0390000e+02   1.3398000e+03   1.1141625e+04   1.2124001e+02
   1.1575000e-01   9.7325000e+02   1.0023498e+05   1.0413000e+03   9.3914250e+01   7.0630000e+02   1.5526000e+03   1.1163525e+04   1.0133369e+02
   1.0775000e-01   1.9935250e+04   7.5283225e+04   1.0179000e+03   8.4656750e+01   8.0950000e+02   1.1550000e+03   1.1546775e+04   7.5938006e+01
   1.4625000e-01   6.2127500e+03   8.2112125e+04   1.0437000e+03   9.2062750e+01   7.3150000e+02   1.6282000e+03   1.0232775e+04   1.3174661e+02
   6.1750000e-02   2.5923250e+04   1.0548797e+05   9.9270000e+02   9.9204250e+01   7.7650000e+02   1.5946000e+03   1.0878825e+04   1.7666564e+01
   8.9250000e-02   3.4406250e+04   1.1520602e+05   1.0875000e+03   1.1322275e+02   7.2130000e+02   1.4266000e+03   1.1787675e+04   7.5697718e+01
   8.1750000e-02   1.2699750e+04   9.9184375e+04   1.0797000e+03   1.0634575e+02   7.0990000e+02   1.5778000e+03   1.0057575e+04   4.9481806e+01
   5.7250000e-02   4.2167500e+03   9.5244625e+04   1.1061000e+03   9.7881750e+01   7.8370000e+02   1.1746000e+03   1.1240175e+04   3.1762055e+01
   8.2250000e-02   1.5693750e+04   1.0338677e+05   1.0461000e+03   7.5663750e+01   7.0210000e+02   1.3034000e+03   1.1437275e+04   6.4128802e+01
   1.1375000e-01   4.1891250e+04   8.1061525e+04   1.0455000e+03   1.0978425e+02   7.0270000e+02   1.4126000e+03   1.0747425e+04   1.0596945e+02
   1.3525000e-01   4.7130750e+04   1.1074098e+05   1.0809000e+03   8.2805250e+01   7.8610000e+02   1.3146000e+03   1.1612475e+04   1.4950492e+02
   6.4750000e-02   8.2087500e+03   7.3444675e+04   1.0047000e+03   9.3649750e+01   7.8850000e+02   1.4826000e+03   1.0966425e+04   2.1059750e+01
   6.3750000e-02   5.2147500e+03   6.9767575e+04   1.0929000e+03   7.3283250e+01   7.6330000e+02   1.2446000e+03   1.0375125e+04   3.5071911e+01
   9.1250000e-02   2.0184750e+04   1.0312412e+05   1.0965000e+03   1.1401625e+02   7.8910000e+02   1.4602000e+03   1.0944525e+04   6.0253682e+01
   6.4250000e-02   4.3637750e+04   1.0049762e+05   1.0953000e+03   8.0424750e+01   7.4350000e+02   1.2278000e+03   1.0714575e+04   3.9805308e+01
   8.7250000e-02   3.3158750e+04   8.3425375e+04   1.1055000e+03   8.5450250e+01   8.1970000e+02   1.5134000e+03   1.0955475e+04   4.9462788e+01
   8.1250000e-02   8.7077500e+03   1.0785182e+05   1.0587000e+03   1.1004875e+02   7.8130000e+02   1.2026000e+03   1.0583175e+04   5.0615307e+01
   7.5750000e-02   1.0953250e+04   6.7929025e+04   1.0365000e+03   8.5714750e+01   7.7710000e+02   1.3902000e+03   1.1459175e+04   3.8533600e+01
   7.9750000e-02   4.4885250e+04   1.0470002e+05   1.0401000e+03   7.8308750e+01   7.7230000e+02   1.2166000e+03   1.1831475e+04   5.2016333e+01
   1.2875000e-01   1.9436250e+04   7.4495275e+04   9.9570000e+02   7.5134750e+01   7.0810000e+02   1.5638000e+03   1.0451775e+04   1.0002721e+02
   7.8750000e-02   1.0703750e+04   8.2637425e+04   1.0779000e+03   1.1375175e+02   7.6870000e+02   1.4686000e+03   1.0287525e+04   4.2190395e+01
   1.1075000e-01   4.9652500e+03   6.5302525e+04   1.0719000e+03   9.9997750e+01   7.0090000e+02   1.1970000e+03   1.1119725e+04   1.3272714e+02
   7.4250000e-02   2.7170750e+04   1.1468073e+05   1.0569000e+03   1.0132025e+02   7.2310000e+02   1.3566000e+03   1.1229225e+04   4.7844078e+01
   9.5750000e-02   1.9712500e+03   8.1324175e+04   1.0173000e+03   1.0396525e+02   7.8310000e+02   1.4070000e+03   1.0572225e+04   5.0668838e+01
   6.9250000e-02   1.1951250e+04   7.5808525e+04   1.0149000e+03   7.1431750e+01   7.6210000e+02   1.1326000e+03   1.0681725e+04   3.5908090e+01
   5.1750000e-02   1.8937250e+04   1.0076027e+05   1.0491000e+03   7.8837750e+01   7.4830000e+02   1.2754000e+03   9.9042750e+03   1.9650194e+01
   1.2475000e-01   4.4136750e+04   9.3406075e+04   1.0731000e+03   8.4127750e+01   7.4110000e+02   1.5610000e+03   1.1962875e+04   1.2430553e+02
   8.3750000e-02   3.1661750e+04   7.7121775e+04   1.0557000e+03   6.3496750e+01   7.5610000e+02   1.6170000e+03   1.1557725e+04   4.7168322e+01
   5.3250000e-02   3.7899250e+04   8.5789225e+04   1.0917000e+03   6.4025750e+01   7.4170000e+02   1.3706000e+03   1.0079475e+04   2.2925188e+01
   8.5750000e-02   2.3927250e+04   7.9222975e+04   9.9450000e+02   1.1269375e+02   8.1490000e+02   1.3426000e+03   1.1338725e+04   3.5028397e+01
   1.0125000e-01   1.6442250e+04   1.0863977e+05   9.9870000e+02   8.2011750e+01   7.4230000e+02   1.5470000e+03   1.1886225e+04   6.3416343e+01
   1.2575000e-01   3.3408250e+04   1.0837712e+05   1.0653000e+03   7.7515250e+01   7.8970000e+02   1.6254000e+03   1.1174475e+04   9.4059960e+01
   1.0525000e-01   2.6422250e+04   8.6577175e+04   1.1085000e+03   7.9631250e+01   7.6930000e+02   1.1914000e+03   1.2006675e+04   1.1887959e+02
   8.4750000e-02   2.0434250e+04   9.8396425e+04   1.0893000e+03   9.0211250e+01   8.1610000e+02   1.3342000e+03   1.1251125e+04   5.1968187e+01
   1.3225000e-01   3.6402250e+04   9.5769925e+04   1.0323000e+03   6.4290250e+01   8.0590000e+02   1.6562000e+03   1.1995725e+04   9.0011940e+01
   1.0975000e-01   4.5883250e+04   9.3931375e+04   1.0635000e+03   9.3120750e+01   7.5430000e+02   1.6618000e+03   1.0068525e+04   7.0861964e+01
   1.2825000e-01   1.7217500e+03   6.3463975e+04   1.0113000e+03   9.8410750e+01   7.7770000e+02   1.2810000e+03   9.9918750e+03   9.4091015e+01
   9.5250000e-02   6.9612500e+03   9.0779575e+04   1.0005000e+03   6.9580250e+01   8.0710000e+02   1.1214000e+03   1.0824075e+04   5.3172980e+01
   1.0475000e-01   2.2929250e+04   6.8716975e+04   1.0923000e+03   7.6986250e+01   7.8790000e+02   1.1270000e+03   1.0517475e+04   9.7858251e+01
   8.5250000e-02   4.2140750e+04   9.9709675e+04   1.0473000e+03   7.1696250e+01   7.4950000e+02   1.2950000e+03   1.0046625e+04   5.2728015e+01
   1.1775000e-01   1.8687750e+04   7.2394075e+04   1.0101000e+03   9.6559250e+01   7.9390000e+02   1.5274000e+03   1.1732925e+04   7.2299889e+01
   1.3975000e-01   3.8897250e+04   9.5507275e+04   1.0785000e+03   7.0109250e+01   7.2370000e+02   1.5246000e+03   1.1382525e+04   1.6235448e+02
   1.0825000e-01   2.6921250e+04   1.0969038e+05   1.0989000e+03   7.2225250e+01   7.2730000e+02   1.3006000e+03   1.0199925e+04   1.0721515e+02
   1.0925000e-01   2.2475000e+02   9.6295225e+04   1.0011000e+03   1.0449425e+02   7.1890000e+02   1.1634000e+03   1.0988325e+04   9.9888633e+01
   1.0875000e-01   2.1681750e+04   8.1586825e+04   1.0467000e+03   9.0475750e+01   7.2010000e+02   1.6310000e+03   1.1984775e+04   8.9122870e+01
   1.1125000e-01   4.3388250e+04   1.1152893e+05   1.1001000e+03   1.0422975e+02   7.5730000e+02   1.2306000e+03   1.1645325e+04   1.2606036e+02
   1.3125000e-01   4.0144750e+04   1.1021568e+05   1.0623000e+03   6.9315750e+01   7.6390000e+02   1.2642000e+03   1.0780275e+04   1.3756178e+02
   1.0175000e-01   1.2450250e+04   6.5039875e+04   1.0767000e+03   9.8146250e+01   7.2070000e+02   1.3930000e+03   1.0024725e+04   8.3295652e+01
   1.2225000e-01   5.7137500e+03   1.0627593e+05   1.0029000e+03   1.1348725e+02   7.3510000e+02   1.3174000e+03   1.0188975e+04   9.7195771e+01
   9.4250000e-02   1.8188750e+04   1.0364943e+05   9.9630000e+02   1.0026225e+02   7.5910000e+02   1.2558000e+03   1.0331325e+04   5.4438069e+01
   1.4475000e-01   2.4675750e+04   8.0010925e+04   1.0911000e+03   6.6406250e+01   8.0530000e+02   1.2194000e+03   1.1930025e+04   1.8376717e+02
   6.0750000e-02   4.2639750e+04   7.0555525e+04   1.0515000e+03   7.9102250e+01   8.0110000e+02   1.6674000e+03   1.1108775e+04   1.9339027e+01
   1.2675000e-01   1.5194750e+04   7.3969975e+04   1.0167000e+03   9.5765750e+01   8.1070000e+02   1.2138000e+03   1.0506525e+04   8.9930088e+01
   6.1250000e-02   3.7649750e+04   7.2131425e+04   1.0185000e+03   9.4443250e+01   7.7470000e+02   1.5974000e+03   1.0429875e+04   1.8758750e+01
   1.4725000e-01   4.8128750e+04   6.6615775e+04   1.1091000e+03   8.8624250e+01   7.9690000e+02   1.1690000e+03   1.1875275e+04   2.1576157e+02
   1.1975000e-01   2.9416250e+04   1.0128558e+05   1.0983000e+03   7.6721750e+01   7.5670000e+02   1.5722000e+03   1.0178025e+04   9.9565610e+01
   9.2750000e-02   3.4655750e+04   9.4194025e+04   1.0641000e+03   7.9366750e+01   7.8730000e+02   1.2698000e+03   1.0156125e+04   5.9806208e+01
   1.4075000e-01   5.9632500e+03   1.1284218e+05   1.0839000e+03   9.5501250e+01   7.4050000e+02   1.6758000e+03   1.0353225e+04   1.3195314e+02
   9.8250000e-02   2.1432250e+04   8.6051875e+04   1.0041000e+03   1.0687475e+02   7.3210000e+02   1.4882000e+03   1.0254675e+04   5.6820795e+01
   1.4025000e-01   2.7420250e+04   9.1042225e+04   1.0563000e+03   1.0555225e+02   7.6450000e+02   1.2418000e+03   1.0145175e+04   1.4720198e+02
   1.1175000e-01   3.4682500e+03   1.0732652e+05   1.0713000e+03   9.4178750e+01   7.9930000e+02   1.6142000e+03   1.0692675e+04   7.0656227e+01
   9.8750000e-02   4.7380250e+04   7.4757925e+04   1.0899000e+03   7.7250750e+01   7.0450000e+02   1.5162000e+03   1.0243725e+04   7.9735102e+01
   8.6250000e-02   4.4662500e+03   7.8697675e+04   1.0701000e+03   7.7779750e+01   7.1710000e+02   1.5806000e+03   1.1897175e+04   6.2073564e+01
   8.9750000e-02   3.5653750e+04   1.1494338e+05   1.0761000e+03   7.4870250e+01   7.8670000e+02   1.6590000e+03   1.1590575e+04   5.1145962e+01
   7.1250000e-02   2.5174750e+04   6.9242275e+04   1.0479000e+03   1.1480975e+02   7.0870000e+02   1.6030000e+03   1.0112325e+04   3.4121735e+01
   7.2750000e-02   2.9915250e+04   1.1179157e+05   1.0449000e+03   8.3334250e+01   8.0170000e+02   1.4798000e+03   1.0769325e+04   2.9421417e+01
   5.9250000e-02   2.8418250e+04   1.0680123e+05   1.0209000e+03   7.6457250e+01   7.9150000e+02   1.1606000e+03   1.1273025e+04   2.4568586e+01
   1.2975000e-01   2.3677750e+04   1.0391207e+05   9.9750000e+02   8.7301750e+01   8.1430000e+02   1.6506000e+03   1.0911675e+04   6.4011810e+01
   1.1425000e-01   3.5154750e+04   8.2900075e+04   1.0281000e+03   9.9733250e+01   8.1670000e+02   1.3622000e+03   1.1032125e+04   7.0170079e+01
   6.7250000e-02   2.5673750e+04   1.0443738e+05   1.1049000e+03   1.0317175e+02   7.0510000e+02   1.2614000e+03   1.0090425e+04   4.5431468e+01
   1.2275000e-01   3.7177500e+03   8.4475975e+04   1.0509000e+03   9.6823750e+01   8.0830000e+02   1.5890000e+03   1.1448225e+04   8.2689746e+01
   8.0750000e-02   3.0414250e+04   7.0818175e+04   1.0995000e+03   1.1057775e+02   7.3090000e+02   1.6534000e+03   1.1864325e+04   5.4170351e+01
   5.5750000e-02   1.2949250e+04   6.4777225e+04   1.0191000e+03   1.1084225e+02   8.0050000e+02   1.1718000e+03   1.1360625e+04   2.0690845e+01
   1.4175000e-01   2.0683750e+04   7.8435025e+04   1.0689000e+03   8.3863250e+01   7.7830000e+02   1.6114000e+03   1.0386075e+04   1.1814089e+02
   7.6750000e-02   7.2107500e+03   6.4514575e+04   1.0371000e+03   1.1216475e+02   7.1770000e+02   1.4490000e+03   1.0320375e+04   4.2090667e+01
   6.3250000e-02   1.2200750e+04   8.7365125e+04   1.0143000e+03   8.0953750e+01   7.1350000e+02   1.5358000e+03   1.1711025e+04   2.8822143e+01
   6.7750000e-02   5.4642500e+03   6.7403725e+04   1.0725000e+03   1.0052675e+02   8.0770000e+02   1.3874000e+03   1.1634375e+04   3.2014246e+01
   1.2425000e-01   3.2659750e+04   6.5565175e+04   1.0299000e+03   1.0819725e+02   8.0650000e+02   1.5862000e+03   1.1130675e+04   7.5991944e+01
   6.0250000e-02   4.1142750e+04   9.4981975e+04   1.0881000e+03   1.0581675e+02   7.5790000e+02   1.4210000e+03   9.9699750e+03   2.6417273e+01
   1.3175000e-01   4.7879250e+04   1.1546868e+05   1.0215000e+03   1.0528775e+02   7.9450000e+02   1.1998000e+03   1.0758375e+04   1.1091497e+02
   9.7750000e-02   3.2187500e+03   1.0706388e+05   1.0053000e+03   7.2489750e+01   7.1950000e+02   1.2530000e+03   1.1415375e+04   7.8112802e+01
   1.3075000e-01   1.3697750e+04   7.1080825e+04   1.0221000e+03   1.1560325e+02   7.2550000e+02   1.1774000e+03   1.1283975e+04   1.5255592e+02
   1.2325000e-01   8.4582500e+03   1.0259882e+05   1.0257000e+03   9.1533750e+01   7.6690000e+02   1.6478000e+03   1.0134225e+04   7.5918963e+01
   9.7250000e-02   3.0663750e+04   6.6878425e+04   1.0833000e+03   9.6294750e+01   8.0230000e+02   1.2110000e+03   1.0999275e+04   7.5798068e+01
   6.2250000e-02   1.3947250e+04   6.7141075e+04   1.0017000e+03   8.1218250e+01   7.0930000e+02   1.3370000e+03   1.1853375e+04   3.1551743e+01
   1.0025000e-01   4.7629750e+04   1.0890243e+05   1.0329000e+03   1.1533875e+02   8.1010000e+02   1.5918000e+03   1.1743875e+04   5.1881824e+01
   1.1325000e-01   3.9672500e+03   9.4719325e+04   1.0941000e+03   6.5348250e+01   7.7590000e+02   1.2894000e+03   1.0594125e+04   1.0525709e+02
   8.8250000e-02   4.2889250e+04   1.0102293e+05   1.0347000e+03   6.6935250e+01   7.5310000e+02   1.5414000e+03   1.1513925e+04   5.1443401e+01
   7.8250000e-02   3.4905250e+04   9.2355475e+04   1.0269000e+03   6.4819250e+01   7.4770000e+02   1.3202000e+03   1.1973825e+04   4.8689964e+01
   1.0625000e-01   2.2679750e+04   1.1310483e+05   1.0845000e+03   8.4392250e+01   7.2790000e+02   1.6702000e+03   1.0210875e+04   7.7286635e+01
   5.9750000e-02   3.1911250e+04   6.9504925e+04   1.1007000e+03   9.3385250e+01   7.8070000e+02   1.3594000e+03   1.0637925e+04   2.8081430e+01
   1.3425000e-01   1.2227500e+03   8.8678375e+04   1.0419000e+03   1.0475875e+02   8.0290000e+02   1.4014000e+03   1.1196375e+04   1.0804137e+02
   8.8750000e-02   6.4622500e+03   8.7890425e+04   1.0233000e+03   1.1163575e+02   7.0330000e+02   1.6730000e+03   1.1524875e+04   5.4534311e+01
   1.4375000e-01   7.2375000e+02   7.1606125e+04   1.0743000e+03   8.0689250e+01   7.8250000e+02   1.3258000e+03   1.1097825e+04   1.5839483e+02
   8.0250000e-02   1.0204750e+04   8.0273575e+04   1.0161000e+03   8.8888750e+01   7.4890000e+02   1.6198000e+03   1.0845975e+04   3.6189027e+01
   1.0575000e-01   3.2410250e+04   1.1336748e+05   1.0749000e+03   6.9051250e+01   7.3990000e+02   1.5106000e+03   1.0867875e+04   8.4624420e+01
   1.3575000e-01   4.7157500e+03   1.1100362e+05   1.0599000e+03   8.9946750e+01   7.5550000e+02   1.3062000e+03   1.0922625e+04   1.4723685e+02
   1.4125000e-01   2.3428250e+04   9.3143425e+04   1.0851000e+03   6.9844750e+01   7.5010000e+02   1.4546000e+03   1.0397025e+04   1.4993049e+02
   1.3275000e-01   2.8917250e+04   8.8415725e+04   1.1031000e+03   9.0740250e+01   7.1530000e+02   1.2670000e+03   1.0900725e+04   1.8456029e+02
   1.1525000e-01   1.4945250e+04   7.6859125e+04   1.0377000e+03   6.8786750e+01   8.0410000e+02   1.4154000e+03   1.0616025e+04   7.3058311e+01
   8.3250000e-02   1.6192750e+04   7.3707325e+04   1.0611000e+03   1.0211375e+02   7.8010000e+02   1.1438000e+03   9.8604750e+03   5.2728236e+01
   1.1675000e-01   9.9552500e+03   6.3201325e+04   1.0659000e+03   6.4554750e+01   7.6810000e+02   1.5834000e+03   1.0528425e+04   8.4733046e+01
   1.0425000e-01   3.4156750e+04   9.1304875e+04   1.0137000e+03   1.1428075e+02   7.6570000e+02   1.5218000e+03   1.1820525e+04   6.5746092e+01
   9.4750000e-02   1.1452250e+04   7.6071175e+04   1.0869000e+03   1.0899075e+02   7.0150000e+02   1.6646000e+03   1.1086875e+04   7.2376599e+01
   1.2725000e-01   1.5444250e+04   1.0916507e+05   1.0275000e+03   6.7199750e+01   7.6990000e+02   1.5302000e+03   1.0002825e+04   8.5593625e+01
   1.1225000e-01   4.9625750e+04   1.0207352e+05   1.0815000e+03   1.0370075e+02   7.5370000e+02   1.6450000e+03   1.1075925e+04   8.7330444e+01
   5.2750000e-02   2.9665750e+04   1.1205423e+05   9.9930000e+02   8.6243750e+01   8.1550000e+02   1.3846000e+03   1.1656275e+04   1.3524343e+01
   1.4225000e-01   3.9645750e+04   7.7384425e+04   1.0119000e+03   9.8675250e+01   7.3810000e+02   1.6226000e+03   1.1404425e+04   1.2224523e+02
   1.3725000e-01   3.6901250e+04   8.6839825e+04   1.0617000e+03   9.1004750e+01   7.6510000e+02   1.5582000e+03   9.8823750e+03   1.1124875e+02
   7.9250000e-02   2.0933250e+04   9.4456675e+04   1.0857000e+03   1.0237825e+02   7.8430000e+02   1.5666000e+03   1.1689125e+04   4.4362378e+01
   1.0075000e-01   1.9685750e+04   1.1415543e+05   9.9210000e+02   8.8359750e+01   7.4290000e+02   1.3314000e+03   1.1262075e+04   6.7186952e+01
   5.3750000e-02   2.1182750e+04   8.5526575e+04   1.0707000e+03   8.6508250e+01   7.4410000e+02   1.4182000e+03   1.1809575e+04   2.4680764e+01
   8.7750000e-02   9.2067500e+03   8.3950675e+04   1.0821000e+03   1.1031325e+02   8.1190000e+02   1.2502000e+03   1.0407975e+04   5.4398651e+01
   5.6750000e-02   3.6651750e+04   8.4738625e+04   1.0581000e+03   6.7993250e+01   7.7890000e+02   1.2362000e+03   1.0813125e+04   2.4704074e+01
   1.3625000e-01   1.6691750e+04   1.0653858e+05   1.0977000e+03   7.9895750e+01   7.3750000e+02   1.2586000e+03   1.1371575e+04   1.8960067e+02
   1.0375000e-01   3.7400250e+04   8.3162725e+04   1.0293000e+03   1.0846175e+02   7.5250000e+02   1.1830000e+03   1.0659825e+04   8.4306317e+01
   5.8250000e-02   2.2430250e+04   9.9972325e+04   1.0683000e+03   1.0184925e+02   7.9810000e+02   1.4238000e+03   1.0265625e+04   2.0763982e+01
   1.4275000e-01   1.5943250e+04   1.0417472e+05   1.0647000e+03   8.9153250e+01   7.9330000e+02   1.3230000e+03   1.0418925e+04   1.3670375e+02
   7.0750000e-02   4.7425000e+02   8.7627775e+04   1.0485000e+03   6.8257750e+01   7.2250000e+02   1.6338000e+03   1.0550325e+04   3.3096631e+01
   6.5750000e-02   4.9875250e+04   7.0030225e+04   1.1079000e+03   1.0608125e+02   7.7530000e+02   1.3510000e+03   1.0856925e+04   3.6294645e+01
   1.2175000e-01   4.1641750e+04   8.9203675e+04   1.0887000e+03   6.3761250e+01   7.1230000e+02   1.4462000e+03   1.0484625e+04   1.2696757e+02
   5.7750000e-02   1.1701750e+04   1.1231688e+05   1.0773000e+03   9.4972250e+01   8.1850000e+02   1.5022000e+03   1.1327775e+04   2.0444519e+01
   1.2375000e-01   4.8378250e+04   7.1868775e+04   1.0521000e+03   1.0502325e+02   7.7350000e+02   1.4658000e+03   1.0977375e+04   1.0032373e+02
   7.4750000e-02   2.2207500e+03   1.0758918e+05   1.0305000e+03   8.2540750e+01   7.3570000e+02   1.2054000e+03   1.0725525e+04   4.6031519e+01
   5.1250000e-02   2.9692500e+03   9.6032575e+04   1.0905000e+03   1.0925525e+02   7.4710000e+02   1.2390000e+03   1.0802175e+04   2.4701978e+01
   6.9750000e-02   2.8667750e+04   9.1830175e+04   9.9330000e+02   6.3232250e+01   8.0470000e+02   1.4574000e+03   1.0736475e+04   2.1229452e+01
   1.2525000e-01   4.5633750e+04   7.6333825e+04   1.0959000e+03   9.8939750e+01   7.3330000e+02   1.4770000e+03   1.1842425e+04   1.4319002e+02
   1.2125000e-01   2.7669750e+04   6.3726625e+04   1.0197000e+03   7.8573250e+01   7.3270000e+02   1.1858000e+03   1.0539375e+04   1.1771511e+02
   8.2750000e-02   1.3198750e+04   7.4232625e+04   1.0239000e+03   6.8522250e+01   7.6090000e+02   1.3118000e+03   9.8933250e+03   4.2653124e+01
   9.9250000e-02   3.9396250e+04   7.8960325e+04   1.0671000e+03   9.2591750e+01   7.0750000e+02   1.1354000e+03   1.0495575e+04   1.0281849e+02
   1.2925000e-01   3.9895250e+04   8.0798875e+04   1.1067000e+03   1.0264275e+02   8.1370000e+02   1.4294000e+03   1.0605075e+04   1.1401769e+02
   1.2625000e-01   4.5384250e+04   9.7345825e+04   1.0335000e+03   1.1295825e+02   7.0690000e+02   1.1578000e+03   1.0013775e+04   1.4135926e+02
   7.5250000e-02   3.0913250e+04   6.3989275e+04   1.0131000e+03   1.0661025e+02   7.5190000e+02   1.1942000e+03   1.0276575e+04   3.9976614e+01
   7.6250000e-02   1.3448250e+04   9.2880775e+04   1.0497000e+03   9.4707750e+01   7.6630000e+02   1.3958000e+03   1.1919075e+04   4.4190972e+01
   9.0750000e-02   4.9126750e+04   7.2656725e+04   1.0023000e+03   9.5236750e+01   7.5070000e+02   1.3538000e+03   1.1700075e+04   5.6237091e+01
   7.0250000e-02   1.1202750e+04   1.0181088e+05   1.1037000e+03   7.1960750e+01   7.9510000e+02   1.4938000e+03   1.0462725e+04   3.3503149e+01
   1.1275000e-01   4.6881250e+04   9.3668725e+04   1.0065000e+03   8.3069750e+01   7.9030000e+02   1.3090000e+03   1.0648875e+04   7.0198752e+01
   9.6750000e-02   3.3907250e+04   8.6314525e+04   9.9510000e+02   7.0373750e+01   7.2610000e+02   1.2838000e+03   1.1470125e+04   7.0634067e+01
   1.4675000e-01   1.6941250e+04   9.2092825e+04   1.0383000e+03   1.0343625e+02   7.0030000e+02   1.4714000e+03   1.1492025e+04   1.7845595e+02
