   5.0000000e-02   4.2323077e+04   9.9436923e+04   9.9000000e+02   8.7515385e+01   7.7384615e+02   1.3784615e+03   1.0444615e+04   1.2861839e+01
   5.3846154e-02   2.5050000e+04   9.1355385e+04   1.0915385e+03   1.1600000e+02   7.9692308e+02   1.5076923e+03   1.0697308e+04   1.9038700e+01
   5.7692308e-02   1.0000000e+02   9.3375769e+04   1.0592308e+03   7.1238462e+01   7.8307692e+02   1.3569231e+03   1.0276154e+04   2.1864266e+01
   6.1538462e-02   1.5453846e+04   6.9131154e+04   1.0176923e+03   9.9723077e+01   7.2769231e+02   1.6584615e+03   1.0865769e+04   2.2601706e+01
   6.5384615e-02   2.1211538e+04   1.0751846e+05   1.0823077e+03   9.5653846e+01   7.0461538e+02   1.4646154e+03   1.1792308e+04   4.0835263e+01
   6.9230769e-02   1.9292308e+04   1.0549808e+05   1.0453846e+03   9.1584615e+01   8.1076923e+02   1.1846154e+03   1.1960769e+04   3.5659105e+01
   7.3076923e-02   5.0000000e+04   7.3171923e+04   1.0500000e+03   9.3619231e+01   7.6461538e+02   1.4430769e+03   1.2045000e+04   3.9953341e+01
   7.6923077e-02   4.6161538e+04   9.5396154e+04   1.1053846e+03   8.3446154e+01   7.5538462e+02   1.1415385e+03   1.0613077e+04   6.0469611e+01
   8.0769231e-02   2.6969231e+04   7.7212692e+04   1.0223077e+03   6.7169231e+01   7.0000000e+02   1.2061538e+03   1.1118462e+04   6.0863639e+01
   8.4615385e-02   2.3130769e+04   6.3070000e+04   1.0269231e+03   1.0175769e+02   7.9230769e+02   1.1200000e+03   1.0528846e+04   4.9593102e+01
   8.8461538e-02   3.6565385e+04   6.7110769e+04   1.0730769e+03   7.7342308e+01   7.8769231e+02   1.5723077e+03   9.8550000e+03   4.3961121e+01
   9.2307692e-02   1.7373077e+04   9.7416538e+04   1.0038462e+03   6.5134615e+01   7.6923077e+02   1.6369231e+03   1.1708077e+04   4.4898793e+01
   9.6153846e-02   3.0807692e+04   1.0953885e+05   1.0546154e+03   7.3273077e+01   7.0923077e+02   1.5507692e+03   9.9392308e+03   6.4270950e+01
   1.0000000e-01   9.6961538e+03   7.1151538e+04   1.1100000e+03   9.7688462e+01   7.1384615e+02   1.3353846e+03   1.0360385e+04   9.6517957e+01
   1.0384615e-01   1.3534615e+04   1.1357962e+05   1.0407692e+03   1.0786154e+02   7.6000000e+02   1.1630769e+03   1.0107692e+04   8.2629105e+01
   1.0769231e-01   5.8576923e+03   6.5090385e+04   1.0776923e+03   8.5480769e+01   8.0615385e+02   1.4861538e+03   1.1623846e+04   7.7339793e+01
   1.1153846e-01   4.0403846e+04   1.1155923e+05   1.0961538e+03   8.1411538e+01   8.0153846e+02   1.6153846e+03   1.1202692e+04   7.9812120e+01
   1.1538462e-01   4.8080769e+04   8.1253462e+04   1.0361538e+03   1.1396538e+02   7.2307692e+02   1.4215385e+03   1.0191923e+04   9.3844566e+01
   1.1923077e-01   3.9384615e+03   8.3273846e+04   1.0084615e+03   1.0582692e+02   7.3230769e+02   1.2923077e+03   1.1876538e+04   1.1327396e+02
   1.2307692e-01   2.8888462e+04   8.9335000e+04   9.9923077e+02   1.0989615e+02   8.2000000e+02   1.5292308e+03   1.1034231e+04   6.1512806e+01
   1.2692308e-01   3.8484615e+04   8.5294231e+04   1.0315385e+03   6.3100000e+01   8.1538462e+02   1.2492308e+03   1.0950000e+04   9.5780098e+01
   1.3076923e-01   4.4242308e+04   1.1560000e+05   1.0130769e+03   8.9550000e+01   7.3692308e+02   1.3138462e+03   1.1539615e+04   1.3019409e+02
   1.3461538e-01   2.0192308e+03   1.0145731e+05   1.0684615e+03   1.0379231e+02   7.5076923e+02   1.6800000e+03   1.0781538e+04   1.1600369e+02
   1.3846154e-01   7.7769231e+03   1.0347769e+05   1.0869231e+03   6.9203846e+01   7.4153846e+02   1.2276923e+03   1.1286923e+04   1.9100312e+02
   1.4230769e-01   1.1615385e+04   7.9233077e+04   9.9461538e+02   7.9376923e+01   7.4615385e+02   1.4000000e+03   1.0023462e+04   1.1307186e+02
   1.4615385e-01   3.2726923e+04   8.7314615e+04   1.1007692e+03   1.1193077e+02   7.7846154e+02   1.2707692e+03   1.1455385e+04   1.9480707e+02
   1.5000000e-01   3.4646154e+04   7.5192308e+04   1.0638462e+03   7.5307692e+01   7.1846154e+02   1.5938462e+03   1.1371154e+04   1.7399036e+02
