2 2 3 2 2 1 2 3 1.53
3 3 3 2 3 1 3 1 2.21
1 1 2 3 2 1 3 3 1.69
3 1 2 1 2 2 3 1 1.92
1 1 2 2 3 1 1 2 1.42
1 3 2 3 3 3 2 2 5.33
1 3 1 2 1 2 3 3 2.00
2 3 2 1 1 1 1 1 2.13
3 2 1 3 3 2 1 2 1.77
2 1 1 2 1 3 1 3 1.89
1 3 3 1 3 2 1 3 2.17
3 2 2 3 1 2 1 3 2.00
3 3 1 3 2 1 2 3 1.66 
2 1 1 3 3 2 3 1 2.54
1 2 1 1 3 1 2 1 1.64
3 1 3 2 3 3 2 3 2.14
1 2 3 1 1 3 3 2 4.20
3 2 2 2 1 3 2 1 1.69
1 2 1 2 2 3 1 1 3.74
2 2 2 1 3 3 3 3 2.07
2 3 3 3 2 3 1 1 1.87
2 3 2 2 2 2 2 2 1.19
3 3 1 1 2 3 3 2 1.70
2 2 3 3 1 1 3 2 1.29
2 1 1 1 1 1 2 2 1.82
1 1 3 3 1 2 2 1 3.43
3 1 3 1 2 2 1 2 1.91

