   4.5000000e-01   3.5000000e-01   3.5000000e-01   5.0000000e-02  -9.2888766e-01
   2.5000000e-01   5.5000000e-01   2.5000000e-01   8.5000000e-01  -1.9689816e+00
   1.5000000e-01   5.0000000e-02   4.5000000e-01   5.5000000e-01  -3.2258555e+00
   9.5000000e-01   7.5000000e-01   5.5000000e-01   2.5000000e-01  -2.5530878e+00
   3.5000000e-01   4.5000000e-01   9.5000000e-01   4.5000000e-01  -4.5802215e-01
   8.5000000e-01   1.5000000e-01   1.5000000e-01   6.5000000e-01  -2.4338299e+00
   7.5000000e-01   2.5000000e-01   8.5000000e-01   9.5000000e-01  -1.8634569e+00
   5.0000000e-02   8.5000000e-01   6.5000000e-01   1.5000000e-01  -1.3997652e-01
   6.5000000e-01   9.5000000e-01   7.5000000e-01   7.5000000e-01  -1.0729611e+00
   5.5000000e-01   6.5000000e-01   5.0000000e-02   3.5000000e-01  -1.3486670e+00
