   8.6785714e-01   6.0714286e-02   9.1785714e-01   9.7500000e-01  -1.4943511e+00
   7.8214286e-01   7.6785714e-01   8.7500000e-01   7.5357143e-01  -1.6971050e+00
   8.8214286e-01   4.5357143e-01   2.7500000e-01   7.0357143e-01  -2.1708135e+00
   2.1785714e-01   6.6785714e-01   3.5357143e-01   9.4642857e-01  -2.0304926e+00
   1.2500000e-01   1.5357143e-01   1.2500000e-01   8.3928571e-01  -3.5096143e+00
   2.9642857e-01   1.6071429e-01   5.8214286e-01   6.8928571e-01  -3.2202007e+00
   8.0357143e-01   8.8214286e-01   1.8928571e-01   1.6785714e-01  -1.3057063e+00
   4.0357143e-01   6.4642857e-01   3.1071429e-01   3.6785714e-01  -9.1601850e-01
   4.5357143e-01   4.8214286e-01   6.1785714e-01   7.8928571e-01  -6.4964845e-01
   7.6785714e-01   8.3214286e-01   4.7500000e-01   8.2142857e-02  -2.6566600e+00
   7.1071429e-01   7.2500000e-01   7.9642857e-01   8.0357143e-01  -8.8641772e-01
   3.6785714e-01   3.7500000e-01   7.1071429e-01   9.1071429e-01  -2.0023506e+00
   6.7500000e-01   1.3928571e-01   3.9642857e-01   1.7500000e-01  -1.7049182e+00
   3.2500000e-01   3.2142857e-02   4.6428571e-02   5.3571429e-02  -2.1988419e+00
   3.8214286e-01   3.0357143e-01   4.3928571e-01   3.0357143e-01  -1.2838342e+00
   3.5357143e-01   1.2500000e-01   6.5357143e-01   2.9642857e-01  -2.1740865e+00
   3.6071429e-01   7.7500000e-01   5.3928571e-01   5.6785714e-01  -1.4660158e+00
   4.8928571e-01   2.8928571e-01   7.8214286e-01   4.6071429e-01  -1.9409637e+00
   5.3571429e-02   5.3571429e-02   8.2500000e-01   5.9642857e-01  -1.9243941e+00
   9.8214286e-01   5.7500000e-01   3.2142857e-02   7.5000000e-02  -1.6993930e+00
   2.7500000e-01   2.4642857e-01   7.1785714e-01   4.9642857e-01  -3.1172250e+00
   1.8214286e-01   8.7500000e-01   9.6428571e-02   8.1071429e-01  -2.6394669e+00
   1.0714286e-02   5.1785714e-01   7.8928571e-01   1.3214286e-01  -4.4655111e-01
   8.5357143e-01   6.2500000e-01   4.3214286e-01   2.6071429e-01  -2.0084334e+00
   7.5357143e-01   4.1785714e-01   8.9285714e-02   9.6785714e-01  -2.1157307e+00
   7.1785714e-01   8.6785714e-01   3.9285714e-02   4.1071429e-01  -2.6259161e+00
   3.7500000e-01   9.3214286e-01   9.4642857e-01   2.0357143e-01  -5.1300361e-01
   6.6785714e-01   3.9642857e-01   2.3928571e-01   9.6071429e-01  -2.4500911e+00
   9.6785714e-01   4.9642857e-01   4.4642857e-01   6.9642857e-01  -1.5295060e+00
   6.5357143e-01   8.6071429e-01   9.3928571e-01   8.6785714e-01  -1.5435842e+00
   3.9285714e-02   2.3928571e-01   8.6071429e-01   7.1071429e-01  -2.3006684e+00
   4.8214286e-01   1.4642857e-01   3.2500000e-01   2.8928571e-01  -1.3457957e+00
   5.3928571e-01   1.0714286e-02   8.8928571e-01   1.3928571e-01  -3.1970343e+00
   6.2500000e-01   2.3214286e-01   7.7500000e-01   6.6785714e-01  -1.5264850e+00
   4.7500000e-01   3.9285714e-02   7.5000000e-02   8.2500000e-01  -2.5441021e+00
   9.1071429e-01   8.8928571e-01   7.4642857e-01   8.1785714e-01  -2.1164845e+00
   8.2142857e-02   3.5714286e-03   3.3928571e-01   1.8214286e-01  -2.0462961e+00
   9.4642857e-01   3.6785714e-01   1.7857143e-02   4.7500000e-01  -1.9304366e+00
   8.2500000e-01   3.2500000e-01   9.6071429e-01   6.7857143e-02  -2.6593149e+00
   1.8928571e-01   5.1071429e-01   3.6071429e-01   2.4642857e-01  -7.5445427e-01
   3.8928571e-01   1.1785714e-01   1.4642857e-01   6.4642857e-01  -2.4472502e+00
   1.5357143e-01   5.6785714e-01   6.3214286e-01   5.3214286e-01  -1.4407500e+00
   6.7857143e-02   3.1785714e-01   9.0357143e-01   8.8214286e-01  -2.2523604e+00
   5.7500000e-01   4.4642857e-01   2.8928571e-01   2.5357143e-01  -7.1013480e-01
   1.3214286e-01   1.7500000e-01   7.6071429e-01   5.8214286e-01  -2.8776587e+00
   5.1071429e-01   6.8928571e-01   4.8928571e-01   4.4642857e-01  -5.2906556e-01
   7.4642857e-01   8.5357143e-01   7.3214286e-01   5.2500000e-01  -2.3868137e+00
   3.1071429e-01   1.8214286e-01   8.5357143e-01   4.6785714e-01  -2.8072403e+00
   6.1785714e-01   6.1071429e-01   2.9642857e-01   5.6071429e-01  -1.2936594e+00
   8.6071429e-01   5.6071429e-01   1.6071429e-01   4.8214286e-01  -1.7926085e+00
   2.5357143e-01   8.3928571e-01   4.6785714e-01   8.9642857e-01  -1.8091787e+00
   7.2500000e-01   7.1071429e-01   7.0357143e-01   3.2500000e-01  -1.4415375e+00
   7.9642857e-01   7.0357143e-01   6.1071429e-01   2.3214286e-01  -2.2626047e+00
   1.6071429e-01   7.8928571e-01   6.7500000e-01   3.5357143e-01  -9.7685178e-01
   9.1785714e-01   4.3928571e-01   9.8928571e-01   3.4642857e-01  -2.3567963e+00
   9.8928571e-01   3.3928571e-01   3.6785714e-01   4.3214286e-01  -1.6228034e+00
   5.3214286e-01   4.6071429e-01   7.3928571e-01   1.0714286e-02  -3.4248696e+00
   5.5357143e-01   9.4642857e-01   8.1071429e-01   5.4642857e-01  -1.2722821e+00
   2.8214286e-01   7.6071429e-01   1.9642857e-01   9.1785714e-01  -2.2881278e+00
   4.6428571e-02   6.9642857e-01   9.7500000e-01   4.8928571e-01  -4.0376026e-01
   8.1785714e-01   9.5357143e-01   4.9642857e-01   7.9642857e-01  -2.5653108e+00
   2.4642857e-01   8.0357143e-01   5.2500000e-01   1.8928571e-01  -1.2735784e+00
   2.6785714e-01   5.3214286e-01   8.8214286e-01   4.2500000e-01  -4.4905578e-01
   2.1071429e-01   5.0357143e-01   2.5000000e-02   8.3214286e-01  -2.0900915e+00
   4.3214286e-01   5.8928571e-01   4.1071429e-01   4.6428571e-02  -1.2795715e+00
   9.2500000e-01   4.1071429e-01   1.1071429e-01   1.5357143e-01  -1.3401666e+00
   6.0357143e-01   3.6071429e-01   5.6785714e-01   3.9642857e-01  -6.7003979e-01
   3.0357143e-01   9.0357143e-01   8.0357143e-01   8.5357143e-01  -1.0414731e+00
   8.1071429e-01   2.9642857e-01   1.0714286e-02   7.4642857e-01  -2.6589305e+00
   6.9642857e-01   7.5000000e-02   1.8214286e-01   2.5000000e-02  -1.2580321e+00
   4.9642857e-01   2.2500000e-01   4.6071429e-01   1.6071429e-01  -5.4882290e-01
   6.6071429e-01   5.2500000e-01   8.1785714e-01   3.8928571e-01  -9.8309948e-01
   1.0357143e-01   4.8928571e-01   8.3214286e-01   7.1785714e-01  -9.5012337e-01
   5.4642857e-01   6.7500000e-01   3.1785714e-01   7.3214286e-01  -1.4011926e+00
   1.4642857e-01   2.5357143e-01   3.8214286e-01   6.2500000e-01  -3.3383520e+00
   4.1071429e-01   6.6071429e-01   9.8214286e-01   3.1785714e-01  -1.6122755e+00
   5.0357143e-01   8.9642857e-01   2.8214286e-01   3.7500000e-01  -1.5611637e+00
   1.1071429e-01   7.5357143e-01   5.9642857e-01   9.0357143e-01  -2.0571936e+00
   4.2500000e-01   2.8214286e-01   5.6071429e-01   8.4642857e-01  -2.4323432e+00
   8.4642857e-01   9.9642857e-01   5.1071429e-01   2.2500000e-01  -1.7494728e+00
   1.9642857e-01   4.6428571e-02   5.3214286e-01   3.3214286e-01  -2.5286045e+00
   1.7857143e-02   6.7857143e-02   1.6785714e-01   2.1785714e-01  -1.7335770e+00
   5.8214286e-01   9.1071429e-01   2.6071429e-01   6.8214286e-01  -2.4803935e+00
   5.6785714e-01   4.6785714e-01   7.6785714e-01   6.1785714e-01  -3.7831071e-01
   2.3214286e-01   9.6071429e-01   2.1785714e-01   7.2500000e-01  -2.1423393e+00
   9.3928571e-01   6.1785714e-01   5.5357143e-01   4.0357143e-01  -1.5970086e+00
   8.3928571e-01   4.2500000e-01   3.8928571e-01   3.9285714e-02  -3.0881169e+00
   1.6785714e-01   3.8928571e-01   6.8214286e-01   8.6071429e-01  -2.8249527e+00
   6.8214286e-01   8.4642857e-01   4.8214286e-01   3.1071429e-01  -1.9684809e+00
   2.0357143e-01   7.3214286e-01   4.5357143e-01   3.6071429e-01  -1.4774774e+00
   7.7500000e-01   6.3214286e-01   2.2500000e-01   5.5357143e-01  -2.2767642e+00
   7.3214286e-01   2.5000000e-02   6.9642857e-01   2.8214286e-01  -1.6390750e+00
   1.7500000e-01   9.6785714e-01   6.3928571e-01   1.7857143e-02  -7.3053949e-01
   5.6071429e-01   1.9642857e-01   8.2142857e-02   1.1785714e-01  -1.1815424e+00
   3.9642857e-01   8.9285714e-02   3.7500000e-01   1.1071429e-01  -9.1525480e-01
   3.4642857e-01   4.0357143e-01   1.1785714e-01   2.7500000e-01  -1.0464367e+00
   3.3214286e-01   5.3928571e-01   3.4642857e-01   6.0357143e-01  -8.8589690e-01
   9.6071429e-01   7.3928571e-01   9.2500000e-01   8.8928571e-01  -2.0244298e+00
   7.6071429e-01   6.3928571e-01   1.5357143e-01   9.9642857e-01  -2.3679586e+00
   4.4642857e-01   9.1785714e-01   5.8928571e-01   3.2142857e-02  -1.2011805e+00
   9.6428571e-02   5.5357143e-01   6.0714286e-02   1.0357143e-01  -9.0668312e-01
   6.3214286e-01   3.8214286e-01   9.5357143e-01   1.4642857e-01  -3.8933242e+00
   2.3928571e-01   9.6428571e-02   3.5714286e-03   1.2500000e-01  -1.8940461e+00
   6.0714286e-02   3.4642857e-01   6.7857143e-02   9.6428571e-02  -1.5123856e+00
   6.8928571e-01   7.1785714e-01   9.3214286e-01   9.8214286e-01  -1.4219534e+00
   8.3214286e-01   6.5357143e-01   8.6785714e-01   8.7500000e-01  -1.3362958e+00
   2.5000000e-02   4.7500000e-01   2.1071429e-01   6.3214286e-01  -1.4128671e+00
   7.5000000e-02   9.3928571e-01   2.0357143e-01   1.9642857e-01  -1.0365713e+00
   3.3928571e-01   5.8214286e-01   7.2500000e-01   7.6785714e-01  -1.0188170e+00
   8.8928571e-01   2.1785714e-01   6.6785714e-01   2.3928571e-01  -1.6841865e+00
   7.3928571e-01   2.0357143e-01   7.5357143e-01   7.7500000e-01  -2.1463218e+00
   9.9642857e-01   2.6785714e-01   8.9642857e-01   5.7500000e-01  -3.3094250e+00
   4.6071429e-01   7.9642857e-01   4.1785714e-01   6.1071429e-01  -1.4932546e+00
   7.0357143e-01   7.8214286e-01   2.3214286e-01   6.3928571e-01  -2.8334101e+00
   6.3928571e-01   6.0357143e-01   9.9642857e-01   4.1785714e-01  -2.8144795e+00
   3.1785714e-01   8.1071429e-01   5.3571429e-02   9.3214286e-01  -2.7115047e+00
   2.8928571e-01   8.1785714e-01   5.7500000e-01   3.5714286e-03  -1.4587102e+00
   5.1785714e-01   1.8928571e-01   4.2500000e-01   6.6071429e-01  -2.1979063e+00
   2.6071429e-01   1.0357143e-01   6.0357143e-01   6.0714286e-02  -2.7357350e+00
   4.1785714e-01   2.6071429e-01   2.6785714e-01   8.9285714e-02  -1.1133298e+00
   7.8928571e-01   2.7500000e-01   6.2500000e-01   3.3928571e-01  -2.2378864e+00
   6.4642857e-01   1.7857143e-02   5.4642857e-01   6.5357143e-01  -1.7335089e+00
   9.7500000e-01   1.3214286e-01   3.3214286e-01   4.5357143e-01  -1.5292514e+00
   5.9642857e-01   8.2142857e-02   6.6071429e-01   7.3928571e-01  -1.3629073e+00
   3.2142857e-02   2.1071429e-01   1.7500000e-01   5.8928571e-01  -3.2336508e+00
   1.3928571e-01   3.3214286e-01   2.4642857e-01   9.3928571e-01  -3.4750367e+00
   5.8928571e-01   1.6785714e-01   1.0357143e-01   7.8214286e-01  -2.2742025e+00
   4.3928571e-01   9.8928571e-01   5.0357143e-01   6.7500000e-01  -1.5544916e+00
   6.1071429e-01   6.8214286e-01   2.5357143e-01   9.5357143e-01  -2.1644859e+00
   8.9285714e-02   5.9642857e-01   8.4642857e-01   5.3928571e-01  -5.9981645e-01
   2.2500000e-01   3.1071429e-01   4.0357143e-01   4.3928571e-01  -2.2435463e+00
   5.2500000e-01   9.7500000e-01   8.3928571e-01   9.2500000e-01  -1.0750135e+00
   1.1785714e-01   4.3214286e-01   5.1785714e-01   2.6785714e-01  -1.4162814e+00
   3.5714286e-03   3.5357143e-01   6.4642857e-01   9.8928571e-01  -3.3011091e+00
   4.6785714e-01   8.2500000e-01   3.0357143e-01   7.6071429e-01  -1.4355379e+00
   9.5357143e-01   1.1071429e-01   1.3214286e-01   3.8214286e-01  -1.6761149e+00
   8.9642857e-01   9.8214286e-01   9.1071429e-01   5.1071429e-01  -2.6036079e+00
   9.3214286e-01   5.4642857e-01   6.8928571e-01   5.1785714e-01  -1.2108093e+00
   8.7500000e-01   7.4642857e-01   9.6785714e-01   2.1071429e-01  -3.1156907e+00
   9.0357143e-01   9.2500000e-01   1.3928571e-01   5.0357143e-01  -2.8482629e+00
